LavendarDiamond,1.019161,1,10
LavendarDiamond,1.019161,1,13
LavendarDiamond,1.019161,1,16
LavendarDiamond,1.019161,1,19
PurpleDiamond,0.01713323,1,25
PurpleDiamond,0.01713323,1,28
LavendarDiamond,0.01713323,1,31
PurpleDiamond,0.01713323,1,34
GreyDiamond,-3.318737,1,40
GreyDiamond,-3.318737,1,43
GreyDiamond,-3.318737,1,46
GreyDiamond,-3.318737,1,49
GreyDiamond,0,1,65
PurpleDiamond,0.695342652499676,1,70
LavendarDiamond,1.36296416819096,1,75
LavendarDiamond,1.97624871134758,1,80
GreyDiamond,2.51074630022049,1,85
LavendarDiamond,2.94514834880829,1,90
PurpleDiamond,3.26213678717613,1,95
PurpleDiamond,3.44907405972481,1,100
GreyDiamond,0,1,115
PurpleDiamond,1.67798942327499,1,117
PurpleDiamond,2.94514834880829,1,119
GreyDiamond,3.49123248457909,1,121
PurpleDiamond,3.18254092335701,1,123
PurpleDiamond,2.0946524143219,1,125
GreyDiamond,0.493920005857944,1,127
LavendarDiamond,-1.22774130105972,1,129
GreyDiamond,-2.64880874752998,1,131
LavendarDiamond,-3.42135542631149,1,133
PurpleDiamond,-3.35623502731323,1,135
LavendarDiamond,-2.46939104795456,1,137
LavendarDiamond,-0.977954208850861,1,139
LavendarDiamond,0.75291995704174,1,141
GreyDiamond,2.29945307970047,1,143
LavendarDiamond,3.28299987316132,1,145
PurpleDiamond,3.46275386214256,1,147
PurpleDiamond,2.79470494389534,1,149
LavendarDiamond,1.44241473078728,1,151
LavendarDiamond,-0.263028930872679,1,153
PurpleDiamond,-1.90407395362854,1,155
LavendarDiamond,-3.07893520593643,1,157
PurpleDiamond,-3.4999657869339,1,159
PurpleDiamond,-3.06408256292343,1,161
PurpleDiamond,-1.87800526618958,1,163
GreyDiamond,-0.232126630842686,1,165
PurpleDiamond,1.47058460116386,1,167
LavendarDiamond,2.81324550509453,1,169
LavendarDiamond,3.46712583303452,1,171
GreyDiamond,3.27213263511658,1,173
LavendarDiamond,2.27600753307343,1,175
PurpleDiamond,0.722636178135872,1,177
LavendarDiamond,-1.00766158103943,1,179
GreyDiamond,2.268243,1,200
LavendarDiamond,2.268243,1,203
PurpleDiamond,2.268243,1,206
LavendarDiamond,2.268243,1,209
GreyDiamond,2.268243,1,212
PurpleDiamond,2.268243,1,215
GreyDiamond,2.268243,1,218
PurpleDiamond,-1.154566,1,225
PurpleDiamond,-1.154566,1,228
LavendarDiamond,-1.154566,1,231
PurpleDiamond,-1.154566,1,234
PurpleDiamond,1.156313,1,240
LavendarDiamond,1.156313,1,243
PurpleDiamond,1.156313,1,246
PurpleDiamond,1.156313,1,249
GreyDiamond,0,1,265
PurpleDiamond,1.67798942327499,1,270
LavendarDiamond,2.94514834880829,1,275
GreyDiamond,3.49123248457909,1,280
LavendarDiamond,3.18254092335701,1,285
GreyDiamond,2.0946524143219,1,290
GreyDiamond,0.493920005857944,1,295
GreyDiamond,-1.22774130105972,1,300
LavendarDiamond,0,1,325
PurpleDiamond,2.51074630022049,1,327
LavendarDiamond,3.49850755929947,1,329
GreyDiamond,2.36412099003792,1,331
PurpleDiamond,-0.204309673979878,1,333
PurpleDiamond,-2.64880874752998,1,335
PurpleDiamond,-3.48657616972923,1,337
PurpleDiamond,-2.20943224430084,1,339
PurpleDiamond,0.407924212515354,1,341
LavendarDiamond,2.77783915400505,1,343
PurpleDiamond,3.46275344491005,1,345
Purp